20
50 81 48 49
0 1 892
0 2 106
1 2 118
1 3 929
2 3 666
4 5 57
4 6 246
5 6 447
5 7 286
6 7 499
8 9 101
8 10 590
9 10 523
9 11 493
10 11 399
12 13 140
12 14 387
13 14 146
13 15 987
14 15 904
3 4 79
3 8 74
7 8 155
7 12 293
11 12 241
16 17 180
16 18 745
17 18 911
17 19 312
18 19 735
20 21 278
20 22 325
21 22 63
21 23 313
22 23 203
24 25 236
24 26 203
25 26 687
25 27 245
26 27 511
28 29 180
28 30 213
29 30 884
29 31 109
30 31 364
19 20 564
19 24 243
23 24 495
23 28 205
27 28 136
32 33 37
32 34 226
33 34 609
33 35 829
34 35 385
36 37 366
36 38 259
37 38 188
37 39 426
38 39 387
40 41 528
40 42 747
41 42 392
41 43 743
42 43 637
44 45 96
44 46 440
45 46 521
45 47 371
46 47 920
35 36 436
35 40 84
39 40 922
39 44 249
43 44 422
48 0 618
48 16 930
48 32 697
15 49 628
31 49 753
47 49 640
50 81 48 49
0 1 27
0 2 901
1 2 595
1 3 343
2 3 763
4 5 385
4 6 207
5 6 181
5 7 299
6 7 220
8 9 527
8 10 163
9 10 632
9 11 298
10 11 392
12 13 221
12 14 192
13 14 872
13 15 239
14 15 800
3 4 773
3 8 893
7 8 752
7 12 652
11 12 921
16 17 435
16 18 513
17 18 860
17 19 324
18 19 411
20 21 310
20 22 336
21 22 19
21 23 403
22 23 57
24 25 687
24 26 318
25 26 396
25 27 730
26 27 195
28 29 284
28 30 818
29 30 489
29 31 417
30 31 40
19 20 332
19 24 867
23 24 547
23 28 633
27 28 196
32 33 870
32 34 290
33 34 387
33 35 860
34 35 104
36 37 16
36 38 162
37 38 405
37 39 312
38 39 199
40 41 112
40 42 208
41 42 5
41 43 310
42 43 560
44 45 197
44 46 150
45 46 766
45 47 675
46 47 722
35 36 707
35 40 457
39 40 190
39 44 846
43 44 157
48 0 733
48 16 690
48 32 926
15 49 851
31 49 998
47 49 617
50 81 48 49
0 1 666
0 2 692
1 2 178
1 3 544
2 3 605
4 5 341
4 6 220
5 6 421
5 7 348
6 7 459
8 9 210
8 10 529
9 10 718
9 11 54
10 11 449
12 13 818
12 14 756
13 14 921
13 15 42
14 15 753
3 4 211
3 8 569
7 8 446
7 12 235
11 12 994
16 17 260
16 18 433
17 18 870
17 19 271
18 19 177
20 21 137
20 22 155
21 22 140
21 23 197
22 23 38
24 25 623
24 26 431
25 26 245
25 27 533
26 27 4
28 29 265
28 30 993
29 30 37
29 31 448
30 31 34
19 20 774
19 24 381
23 24 546
23 28 966
27 28 19
32 33 581
32 34 79
33 34 76
33 35 515
34 35 762
36 37 350
36 38 433
37 38 154
37 39 207
38 39 296
40 41 241
40 42 97
41 42 537
41 43 628
42 43 683
44 45 139
44 46 624
45 46 825
45 47 974
46 47 667
35 36 548
35 40 989
39 40 801
39 44 296
43 44 640
48 0 922
48 16 500
48 32 965
15 49 818
31 49 956
47 49 661
50 81 48 49
0 1 971
0 2 797
1 2 146
1 3 31
2 3 373
4 5 442
4 6 292
5 6 443
5 7 95
6 7 46
8 9 531
8 10 563
9 10 132
9 11 205
10 11 460
12 13 931
12 14 224
13 14 860
13 15 456
14 15 262
3 4 372
3 8 52
7 8 549
7 12 318
11 12 343
16 17 629
16 18 193
17 18 981
17 19 224
18 19 939
20 21 426
20 22 27
21 22 263
21 23 141
22 23 498
24 25 719
24 26 408
25 26 627
25 27 652
26 27 61
28 29 459
28 30 228
29 30 548
29 31 178
30 31 112
19 20 508
19 24 516
23 24 712
23 28 291
27 28 999
32 33 725
32 34 743
33 34 74
33 35 169
34 35 590
36 37 271
36 38 262
37 38 421
37 39 475
38 39 447
40 41 416
40 42 592
41 42 370
41 43 429
42 43 168
44 45 47
44 46 980
45 46 642
45 47 840
46 47 388
35 36 814
35 40 379
39 40 567
39 44 650
43 44 578
48 0 778
48 16 773
48 32 888
15 49 923
31 49 988
47 49 714
50 81 48 49
0 1 872
0 2 696
1 2 841
1 3 54
2 3 3
4 5 318
4 6 243
5 6 330
5 7 405
6 7 351
8 9 138
8 10 528
9 10 559
9 11 78
10 11 61
12 13 44
12 14 342
13 14 991
13 15 766
14 15 269
3 4 382
3 8 158
7 8 494
7 12 909
11 12 945
16 17 624
16 18 808
17 18 53
17 19 302
18 19 358
20 21 484
20 22 94
21 22 99
21 23 234
22 23 168
24 25 455
24 26 348
25 26 439
25 27 106
26 27 614
28 29 536
28 30 201
29 30 804
29 31 394
30 31 161
19 20 958
19 24 471
23 24 229
23 28 825
27 28 159
32 33 67
32 34 496
33 34 453
33 35 881
34 35 596
36 37 415
36 38 199
37 38 370
37 39 41
38 39 482
40 41 587
40 42 679
41 42 222
41 43 631
42 43 618
44 45 150
44 46 433
45 46 567
45 47 941
46 47 760
35 36 874
35 40 157
39 40 871
39 44 7
43 44 368
48 0 629
48 16 652
48 32 776
15 49 680
31 49 854
47 49 814
50 81 48 49
0 1 461
0 2 640
1 2 568
1 3 713
2 3 520
4 5 296
4 6 478
5 6 228
5 7 275
6 7 105
8 9 202
8 10 605
9 10 228
9 11 664
10 11 569
12 13 800
12 14 265
13 14 331
13 15 736
14 15 821
3 4 654
3 8 517
7 8 835
7 12 404
11 12 910
16 17 206
16 18 945
17 18 720
17 19 599
18 19 99
20 21 224
20 22 463
21 22 160
21 23 156
22 23 428
24 25 72
24 26 108
25 26 204
25 27 459
26 27 215
28 29 991
28 30 13
29 30 877
29 31 697
30 31 11
19 20 152
19 24 234
23 24 837
23 28 878
27 28 822
32 33 631
32 34 357
33 34 281
33 35 693
34 35 552
36 37 290
36 38 315
37 38 376
37 39 430
38 39 209
40 41 730
40 42 413
41 42 714
41 43 60
42 43 373
44 45 794
44 46 792
45 46 1
45 47 430
46 47 959
35 36 708
35 40 518
39 40 697
39 44 556
43 44 982
48 0 665
48 16 982
48 32 613
15 49 869
31 49 603
47 49 524
50 81 48 49
0 1 839
0 2 467
1 2 911
1 3 501
2 3 388
4 5 187
4 6 478
5 6 222
5 7 225
6 7 264
8 9 600
8 10 160
9 10 420
9 11 696
10 11 713
12 13 932
12 14 697
13 14 13
13 15 196
14 15 433
3 4 584
3 8 458
7 8 420
7 12 162
11 12 898
16 17 614
16 18 798
17 18 331
17 19 160
18 19 275
20 21 16
20 22 489
21 22 227
21 23 161
22 23 242
24 25 246
24 26 156
25 26 724
25 27 652
26 27 92
28 29 41
28 30 403
29 30 130
29 31 550
30 31 397
19 20 656
19 24 171
23 24 972
23 28 739
27 28 412
32 33 246
32 34 935
33 34 491
33 35 198
34 35 977
36 37 89
36 38 312
37 38 401
37 39 198
38 39 82
40 41 470
40 42 42
41 42 716
41 43 432
42 43 56
44 45 114
44 46 480
45 46 772
45 47 345
46 47 28
35 36 647
35 40 190
39 40 542
39 44 134
43 44 947
48 0 910
48 16 506
48 32 919
15 49 640
31 49 645
47 49 707
50 81 48 49
0 1 310
0 2 896
1 2 420
1 3 373
2 3 858
4 5 175
4 6 164
5 6 38
5 7 190
6 7 44
8 9 157
8 10 502
9 10 530
9 11 679
10 11 745
12 13 849
12 14 961
13 14 133
13 15 865
14 15 191
3 4 746
3 8 566
7 8 86
7 12 497
11 12 628
16 17 747
16 18 655
17 18 393
17 19 79
18 19 582
20 21 240
20 22 414
21 22 410
21 23 259
22 23 181
24 25 616
24 26 677
25 26 218
25 27 33
26 27 577
28 29 541
28 30 414
29 30 449
29 31 889
30 31 680
19 20 755
19 24 613
23 24 123
23 28 823
27 28 920
32 33 665
32 34 733
33 34 136
33 35 43
34 35 704
36 37 418
36 38 28
37 38 54
37 39 341
38 39 346
40 41 86
40 42 700
41 42 20
41 43 43
42 43 402
44 45 695
44 46 735
45 46 488
45 47 215
46 47 363
35 36 245
35 40 875
39 40 597
39 44 987
43 44 782
48 0 757
48 16 531
48 32 864
15 49 962
31 49 821
47 49 918
50 81 48 49
0 1 385
0 2 761
1 2 209
1 3 224
2 3 861
4 5 296
4 6 476
5 6 387
5 7 347
6 7 154
8 9 505
8 10 331
9 10 500
9 11 327
10 11 421
12 13 985
12 14 860
13 14 481
13 15 959
14 15 531
3 4 462
3 8 923
7 8 625
7 12 88
11 12 292
16 17 955
16 18 90
17 18 284
17 19 497
18 19 816
20 21 136
20 22 354
21 22 469
21 23 494
22 23 411
24 25 184
24 26 197
25 26 176
25 27 701
26 27 171
28 29 831
28 30 479
29 30 842
29 31 477
30 31 971
19 20 278
19 24 279
23 24 735
23 28 754
27 28 60
32 33 300
32 34 30
33 34 746
33 35 766
34 35 455
36 37 73
36 38 46
37 38 417
37 39 225
38 39 97
40 41 544
40 42 131
41 42 587
41 43 394
42 43 646
44 45 309
44 46 749
45 46 450
45 47 625
46 47 922
35 36 704
35 40 896
39 40 960
39 44 761
43 44 349
48 0 832
48 16 729
48 32 701
15 49 856
31 49 989
47 49 712
50 81 48 49
0 1 805
0 2 953
1 2 585
1 3 381
2 3 965
4 5 431
4 6 422
5 6 457
5 7 238
6 7 285
8 9 552
8 10 610
9 10 326
9 11 260
10 11 556
12 13 229
12 14 10
13 14 876
13 15 143
14 15 654
3 4 8
3 8 540
7 8 180
7 12 550
11 12 171
16 17 772
16 18 725
17 18 230
17 19 868
18 19 694
20 21 388
20 22 474
21 22 161
21 23 113
22 23 228
24 25 402
24 26 548
25 26 30
25 27 640
26 27 527
28 29 81
28 30 870
29 30 397
29 31 685
30 31 839
19 20 147
19 24 516
23 24 150
23 28 582
27 28 925
32 33 531
32 34 876
33 34 909
33 35 398
34 35 521
36 37 331
36 38 287
37 38 302
37 39 10
38 39 21
40 41 393
40 42 570
41 42 514
41 43 280
42 43 544
44 45 477
44 46 794
45 46 1000
45 47 998
46 47 989
35 36 367
35 40 691
39 40 64
39 44 32
43 44 575
48 0 562
48 16 909
48 32 520
15 49 655
31 49 816
47 49 957
50 81 48 49
0 1 683
0 2 491
1 2 918
1 3 497
2 3 670
4 5 110
4 6 179
5 6 175
5 7 278
6 7 279
8 9 167
8 10 498
9 10 444
9 11 202
10 11 188
12 13 631
12 14 456
13 14 448
13 15 792
14 15 564
3 4 248
3 8 597
7 8 959
7 12 23
11 12 212
16 17 282
16 18 295
17 18 515
17 19 904
18 19 733
20 21 266
20 22 33
21 22 324
21 23 412
22 23 428
24 25 693
24 26 255
25 26 103
25 27 558
26 27 157
28 29 722
28 30 654
29 30 46
29 31 782
30 31 19
19 20 162
19 24 618
23 24 246
23 28 619
27 28 794
32 33 42
32 34 302
33 34 588
33 35 245
34 35 266
36 37 69
36 38 34
37 38 357
37 39 21
38 39 414
40 41 694
40 42 645
41 42 198
41 43 248
42 43 662
44 45 541
44 46 865
45 46 839
45 47 111
46 47 971
35 36 552
35 40 764
39 40 592
39 44 100
43 44 208
48 0 556
48 16 761
48 32 854
15 49 907
31 49 736
47 49 728
50 81 48 49
0 1 776
0 2 952
1 2 514
1 3 106
2 3 249
4 5 201
4 6 214
5 6 368
5 7 96
6 7 232
8 9 666
8 10 559
9 10 440
9 11 11
10 11 570
12 13 287
12 14 277
13 14 714
13 15 410
14 15 406
3 4 487
3 8 529
7 8 759
7 12 579
11 12 958
16 17 289
16 18 937
17 18 282
17 19 993
18 19 42
20 21 33
20 22 235
21 22 387
21 23 139
22 23 50
24 25 394
24 26 633
25 26 82
25 27 492
26 27 394
28 29 257
28 30 717
29 30 820
29 31 934
30 31 135
19 20 849
19 24 10
23 24 901
23 28 354
27 28 500
32 33 323
32 34 142
33 34 434
33 35 834
34 35 389
36 37 342
36 38 109
37 38 187
37 39 222
38 39 359
40 41 625
40 42 506
41 42 691
41 43 509
42 43 654
44 45 348
44 46 449
45 46 67
45 47 157
46 47 326
35 36 2
35 40 168
39 40 557
39 44 282
43 44 533
48 0 830
48 16 959
48 32 566
15 49 651
31 49 782
47 49 640
50 81 48 49
0 1 986
0 2 649
1 2 89
1 3 232
2 3 443
4 5 159
4 6 322
5 6 8
5 7 466
6 7 100
8 9 750
8 10 580
9 10 382
9 11 683
10 11 387
12 13 412
12 14 890
13 14 799
13 15 525
14 15 669
3 4 811
3 8 693
7 8 815
7 12 600
11 12 939
16 17 542
16 18 584
17 18 311
17 19 471
18 19 685
20 21 491
20 22 196
21 22 17
21 23 246
22 23 328
24 25 707
24 26 325
25 26 348
25 27 3
26 27 650
28 29 32
28 30 775
29 30 9
29 31 354
30 31 541
19 20 233
19 24 957
23 24 953
23 28 51
27 28 471
32 33 208
32 34 2
33 34 746
33 35 206
34 35 394
36 37 178
36 38 71
37 38 304
37 39 239
38 39 285
40 41 2
40 42 536
41 42 652
41 43 539
42 43 68
44 45 872
44 46 972
45 46 60
45 47 221
46 47 582
35 36 777
35 40 225
39 40 747
39 44 702
43 44 291
48 0 766
48 16 730
48 32 758
15 49 823
31 49 849
47 49 584
50 81 48 49
0 1 613
0 2 315
1 2 970
1 3 341
2 3 652
4 5 209
4 6 350
5 6 59
5 7 295
6 7 190
8 9 591
8 10 278
9 10 602
9 11 474
10 11 83
12 13 143
12 14 525
13 14 508
13 15 538
14 15 872
3 4 297
3 8 349
7 8 994
7 12 13
11 12 652
16 17 440
16 18 429
17 18 966
17 19 404
18 19 766
20 21 148
20 22 143
21 22 138
21 23 174
22 23 378
24 25 227
24 26 581
25 26 324
25 27 443
26 27 714
28 29 142
28 30 510
29 30 940
29 31 343
30 31 787
19 20 447
19 24 35
23 24 344
23 28 148
27 28 103
32 33 139
32 34 406
33 34 830
33 35 983
34 35 386
36 37 115
36 38 261
37 38 262
37 39 379
38 39 205
40 41 421
40 42 473
41 42 511
41 43 223
42 43 665
44 45 938
44 46 138
45 46 839
45 47 575
46 47 833
35 36 317
35 40 698
39 40 576
39 44 284
43 44 703
48 0 843
48 16 729
48 32 887
15 49 814
31 49 794
47 49 928
50 81 48 49
0 1 851
0 2 200
1 2 856
1 3 409
2 3 933
4 5 98
4 6 490
5 6 316
5 7 7
6 7 413
8 9 10
8 10 86
9 10 439
9 11 225
10 11 278
12 13 445
12 14 604
13 14 638
13 15 608
14 15 643
3 4 692
3 8 871
7 8 672
7 12 380
11 12 467
16 17 347
16 18 175
17 18 92
17 19 966
18 19 357
20 21 130
20 22 322
21 22 448
21 23 252
22 23 50
24 25 358
24 26 721
25 26 234
25 27 265
26 27 665
28 29 128
28 30 779
29 30 577
29 31 706
30 31 691
19 20 862
19 24 122
23 24 769
23 28 13
27 28 199
32 33 661
32 34 967
33 34 75
33 35 822
34 35 682
36 37 83
36 38 241
37 38 156
37 39 1
38 39 310
40 41 250
40 42 79
41 42 308
41 43 238
42 43 609
44 45 557
44 46 371
45 46 423
45 47 442
46 47 871
35 36 758
35 40 310
39 40 584
39 44 483
43 44 839
48 0 703
48 16 836
48 32 950
15 49 845
31 49 808
47 49 604
50 81 48 49
0 1 675
0 2 884
1 2 338
1 3 180
2 3 437
4 5 108
4 6 309
5 6 250
5 7 264
6 7 376
8 9 350
8 10 638
9 10 639
9 11 175
10 11 464
12 13 125
12 14 366
13 14 771
13 15 39
14 15 953
3 4 526
3 8 471
7 8 285
7 12 701
11 12 643
16 17 22
16 18 676
17 18 346
17 19 421
18 19 149
20 21 429
20 22 53
21 22 226
21 23 101
22 23 342
24 25 716
24 26 403
25 26 435
25 27 584
26 27 387
28 29 934
28 30 253
29 30 164
29 31 429
30 31 505
19 20 371
19 24 759
23 24 667
23 28 479
27 28 102
32 33 771
32 34 509
33 34 914
33 35 122
34 35 715
36 37 314
36 38 240
37 38 273
37 39 500
38 39 486
40 41 365
40 42 676
41 42 450
41 43 19
42 43 441
44 45 821
44 46 271
45 46 816
45 47 349
46 47 971
35 36 175
35 40 375
39 40 128
39 44 116
43 44 609
48 0 572
48 16 851
48 32 826
15 49 502
31 49 784
47 49 585
50 81 48 49
0 1 331
0 2 577
1 2 181
1 3 965
2 3 512
4 5 18
4 6 200
5 6 166
5 7 157
6 7 389
8 9 348
8 10 134
9 10 638
9 11 36
10 11 572
12 13 168
12 14 606
13 14 532
13 15 400
14 15 132
3 4 875
3 8 453
7 8 449
7 12 656
11 12 254
16 17 193
16 18 559
17 18 849
17 19 970
18 19 558
20 21 388
20 22 493
21 22 100
21 23 378
22 23 413
24 25 341
24 26 622
25 26 403
25 27 3
26 27 416
28 29 899
28 30 289
29 30 890
29 31 177
30 31 470
19 20 95
19 24 921
23 24 789
23 28 501
27 28 848
32 33 941
32 34 618
33 34 421
33 35 479
34 35 371
36 37 27
36 38 29
37 38 208
37 39 228
38 39 417
40 41 54
40 42 130
41 42 136
41 43 225
42 43 717
44 45 610
44 46 277
45 46 193
45 47 353
46 47 233
35 36 450
35 40 80
39 40 73
39 44 334
43 44 961
48 0 701
48 16 501
48 32 800
15 49 634
31 49 502
47 49 940
50 81 48 49
0 1 655
0 2 953
1 2 455
1 3 425
2 3 15
4 5 41
4 6 244
5 6 395
5 7 235
6 7 156
8 9 462
8 10 553
9 10 560
9 11 678
10 11 103
12 13 952
12 14 333
13 14 833
13 15 437
14 15 741
3 4 398
3 8 497
7 8 827
7 12 882
11 12 169
16 17 180
16 18 313
17 18 507
17 19 996
18 19 437
20 21 12
20 22 489
21 22 95
21 23 24
22 23 351
24 25 114
24 26 324
25 26 558
25 27 254
26 27 158
28 29 214
28 30 591
29 30 32
29 31 639
30 31 818
19 20 357
19 24 483
23 24 4
23 28 333
27 28 328
32 33 474
32 34 624
33 34 578
33 35 639
34 35 776
36 37 60
36 38 181
37 38 94
37 39 480
38 39 308
40 41 326
40 42 101
41 42 541
41 43 700
42 43 592
44 45 233
44 46 479
45 46 317
45 47 687
46 47 633
35 36 19
35 40 500
39 40 845
39 44 330
43 44 166
48 0 602
48 16 587
48 32 899
15 49 513
31 49 626
47 49 509
50 81 48 49
0 1 794
0 2 760
1 2 525
1 3 29
2 3 816
4 5 329
4 6 32
5 6 236
5 7 339
6 7 60
8 9 47
8 10 364
9 10 284
9 11 320
10 11 502
12 13 579
12 14 639
13 14 693
13 15 238
14 15 214
3 4 857
3 8 337
7 8 419
7 12 501
11 12 526
16 17 484
16 18 597
17 18 306
17 19 950
18 19 140
20 21 189
20 22 403
21 22 341
21 23 113
22 23 71
24 25 4
24 26 291
25 26 680
25 27 404
26 27 49
28 29 299
28 30 170
29 30 581
29 31 491
30 31 139
19 20 412
19 24 854
23 24 115
23 28 634
27 28 138
32 33 949
32 34 745
33 34 213
33 35 476
34 35 32
36 37 442
36 38 132
37 38 478
37 39 172
38 39 35
40 41 520
40 42 376
41 42 281
41 43 88
42 43 606
44 45 637
44 46 669
45 46 180
45 47 577
46 47 163
35 36 916
35 40 654
39 40 938
39 44 256
43 44 909
48 0 583
48 16 853
48 32 960
15 49 827
31 49 708
47 49 610
50 81 48 49
0 1 271
0 2 691
1 2 158
1 3 610
2 3 411
4 5 133
4 6 475
5 6 358
5 7 422
6 7 141
8 9 411
8 10 105
9 10 84
9 11 582
10 11 541
12 13 346
12 14 774
13 14 287
13 15 142
14 15 745
3 4 418
3 8 885
7 8 31
7 12 914
11 12 329
16 17 920
16 18 961
17 18 833
17 19 883
18 19 998
20 21 442
20 22 82
21 22 201
21 23 226
22 23 347
24 25 76
24 26 131
25 26 679
25 27 39
26 27 254
28 29 727
28 30 928
29 30 938
29 31 582
30 31 414
19 20 727
19 24 492
23 24 874
23 28 218
27 28 887
32 33 301
32 34 617
33 34 9
33 35 49
34 35 678
36 37 317
36 38 21
37 38 9
37 39 450
38 39 310
40 41 302
40 42 318
41 42 620
41 43 322
42 43 514
44 45 241
44 46 297
45 46 46
45 47 626
46 47 899
35 36 846
35 40 493
39 40 925
39 44 740
43 44 68
48 0 964
48 16 616
48 32 572
15 49 716
31 49 971
47 49 713
