20
4 5 0 3
0 1 13
0 2 13
1 2 14
1 3 14
2 3 2
4 5 0 3
0 1 10
0 2 10
1 2 7
1 3 8
2 3 8
4 5 0 3
0 1 1
0 2 12
1 2 8
1 3 5
2 3 4
4 5 0 3
0 1 12
0 2 5
1 2 3
1 3 7
2 3 9
4 5 0 3
0 1 2
0 2 1
1 2 7
1 3 8
2 3 8
4 5 0 3
0 1 11
0 2 3
1 2 5
1 3 9
2 3 8
4 5 0 3
0 1 1
0 2 9
1 2 15
1 3 12
2 3 11
4 5 0 3
0 1 5
0 2 4
1 2 9
1 3 6
2 3 15
4 5 0 3
0 1 14
0 2 1
1 2 9
1 3 8
2 3 14
4 5 0 3
0 1 2
0 2 6
1 2 9
1 3 8
2 3 1
4 5 0 3
0 1 1
0 2 10
1 2 11
1 3 8
2 3 8
4 5 0 3
0 1 5
0 2 15
1 2 11
1 3 15
2 3 11
4 5 0 3
0 1 1
0 2 1
1 2 3
1 3 13
2 3 9
4 5 0 3
0 1 13
0 2 4
1 2 3
1 3 14
2 3 11
4 5 0 3
0 1 12
0 2 12
1 2 15
1 3 2
2 3 5
4 5 0 3
0 1 5
0 2 7
1 2 1
1 3 13
2 3 4
4 5 0 3
0 1 13
0 2 12
1 2 10
1 3 2
2 3 5
4 5 0 3
0 1 4
0 2 10
1 2 15
1 3 13
2 3 9
4 5 0 3
0 1 14
0 2 13
1 2 1
1 3 1
2 3 8
4 5 0 3
0 1 14
0 2 8
1 2 3
1 3 3
2 3 2
