20
16 25 0 15
0 1 68
0 2 97
1 2 72
1 3 2
2 3 27
4 5 27
4 6 43
5 6 6
5 7 33
6 7 50
8 9 10
8 10 31
9 10 31
9 11 1
10 11 65
12 13 41
12 14 17
13 14 59
13 15 33
14 15 69
3 4 6
3 8 27
7 8 47
7 12 22
11 12 50
16 25 0 15
0 1 37
0 2 83
1 2 20
1 3 5
2 3 98
4 5 16
4 6 11
5 6 15
5 7 8
6 7 14
8 9 50
8 10 16
9 10 71
9 11 41
10 11 12
12 13 85
12 14 6
13 14 28
13 15 63
14 15 85
3 4 74
3 8 18
7 8 13
7 12 86
11 12 86
16 25 0 15
0 1 15
0 2 25
1 2 23
1 3 65
2 3 43
4 5 37
4 6 22
5 6 22
5 7 26
6 7 50
8 9 64
8 10 31
9 10 17
9 11 18
10 11 33
12 13 58
12 14 39
13 14 33
13 15 75
14 15 97
3 4 47
3 8 56
7 8 55
7 12 54
11 12 61
16 25 0 15
0 1 85
0 2 43
1 2 67
1 3 41
2 3 67
4 5 12
4 6 27
5 6 31
5 7 17
6 7 16
8 9 47
8 10 20
9 10 43
9 11 62
10 11 8
12 13 92
12 14 98
13 14 9
13 15 98
14 15 65
3 4 56
3 8 62
7 8 4
7 12 33
11 12 14
16 25 0 15
0 1 14
0 2 100
1 2 98
1 3 61
2 3 61
4 5 14
4 6 17
5 6 10
5 7 35
6 7 24
8 9 12
8 10 73
9 10 29
9 11 48
10 11 50
12 13 93
12 14 46
13 14 94
13 15 98
14 15 7
3 4 14
3 8 47
7 8 81
7 12 33
11 12 71
16 25 0 15
0 1 19
0 2 85
1 2 56
1 3 16
2 3 85
4 5 16
4 6 8
5 6 7
5 7 9
6 7 34
8 9 44
8 10 35
9 10 4
9 11 12
10 11 10
12 13 44
12 14 54
13 14 32
13 15 89
14 15 44
3 4 78
3 8 80
7 8 4
7 12 53
11 12 11
16 25 0 15
0 1 16
0 2 23
1 2 94
1 3 97
2 3 88
4 5 6
4 6 8
5 6 42
5 7 5
6 7 25
8 9 63
8 10 24
9 10 40
9 11 69
10 11 64
12 13 66
12 14 38
13 14 12
13 15 59
14 15 28
3 4 58
3 8 4
7 8 58
7 12 53
11 12 6
16 25 0 15
0 1 56
0 2 35
1 2 5
1 3 13
2 3 79
4 5 21
4 6 26
5 6 28
5 7 11
6 7 44
8 9 42
8 10 75
9 10 43
9 11 40
10 11 30
12 13 8
12 14 86
13 14 75
13 15 1
14 15 100
3 4 66
3 8 97
7 8 57
7 12 68
11 12 21
16 25 0 15
0 1 88
0 2 73
1 2 38
1 3 99
2 3 73
4 5 1
4 6 6
5 6 21
5 7 28
6 7 34
8 9 70
8 10 73
9 10 18
9 11 24
10 11 12
12 13 50
12 14 33
13 14 65
13 15 38
14 15 11
3 4 100
3 8 39
7 8 68
7 12 66
11 12 67
16 25 0 15
0 1 90
0 2 35
1 2 87
1 3 46
2 3 2
4 5 25
4 6 46
5 6 39
5 7 23
6 7 38
8 9 18
8 10 71
9 10 65
9 11 18
10 11 28
12 13 86
12 14 84
13 14 75
13 15 96
14 15 95
3 4 76
3 8 37
7 8 98
7 12 3
11 12 8
16 25 0 15
0 1 15
0 2 5
1 2 98
1 3 13
2 3 96
4 5 31
4 6 6
5 6 7
5 7 41
6 7 44
8 9 44
8 10 12
9 10 13
9 11 27
10 11 48
12 13 41
12 14 43
13 14 9
13 15 5
14 15 29
3 4 14
3 8 56
7 8 75
7 12 37
11 12 14
16 25 0 15
0 1 56
0 2 71
1 2 7
1 3 88
2 3 5
4 5 2
4 6 38
5 6 9
5 7 30
6 7 22
8 9 51
8 10 71
9 10 5
9 11 21
10 11 63
12 13 19
12 14 95
13 14 62
13 15 51
14 15 7
3 4 25
3 8 22
7 8 58
7 12 46
11 12 99
16 25 0 15
0 1 42
0 2 67
1 2 97
1 3 28
2 3 49
4 5 40
4 6 32
5 6 24
5 7 13
6 7 7
8 9 37
8 10 69
9 10 39
9 11 15
10 11 36
12 13 66
12 14 30
13 14 24
13 15 59
14 15 43
3 4 54
3 8 33
7 8 27
7 12 94
11 12 92
16 25 0 15
0 1 10
0 2 43
1 2 57
1 3 34
2 3 15
4 5 20
4 6 37
5 6 41
5 7 47
6 7 15
8 9 13
8 10 50
9 10 55
9 11 11
10 11 28
12 13 87
12 14 30
13 14 2
13 15 36
14 15 93
3 4 62
3 8 9
7 8 72
7 12 29
11 12 9
16 25 0 15
0 1 59
0 2 23
1 2 19
1 3 72
2 3 79
4 5 9
4 6 13
5 6 33
5 7 9
6 7 5
8 9 24
8 10 60
9 10 8
9 11 72
10 11 27
12 13 33
12 14 79
13 14 98
13 15 57
14 15 13
3 4 43
3 8 21
7 8 3
7 12 66
11 12 80
16 25 0 15
0 1 97
0 2 10
1 2 95
1 3 68
2 3 88
4 5 41
4 6 5
5 6 14
5 7 19
6 7 45
8 9 9
8 10 66
9 10 3
9 11 27
10 11 72
12 13 46
12 14 34
13 14 85
13 15 88
14 15 15
3 4 11
3 8 50
7 8 29
7 12 1
11 12 31
16 25 0 15
0 1 74
0 2 55
1 2 12
1 3 15
2 3 98
4 5 32
4 6 28
5 6 35
5 7 46
6 7 17
8 9 53
8 10 57
9 10 27
9 11 37
10 11 29
12 13 61
12 14 69
13 14 93
13 15 24
14 15 45
3 4 85
3 8 73
7 8 43
7 12 81
11 12 92
16 25 0 15
0 1 1
0 2 41
1 2 19
1 3 86
2 3 90
4 5 25
4 6 27
5 6 43
5 7 30
6 7 30
8 9 17
8 10 34
9 10 59
9 11 63
10 11 54
12 13 43
12 14 57
13 14 88
13 15 60
14 15 54
3 4 11
3 8 3
7 8 23
7 12 41
11 12 80
16 25 0 15
0 1 99
0 2 24
1 2 25
1 3 47
2 3 41
4 5 39
4 6 24
5 6 15
5 7 27
6 7 3
8 9 62
8 10 56
9 10 26
9 11 26
10 11 38
12 13 68
12 14 12
13 14 94
13 15 8
14 15 72
3 4 98
3 8 75
7 8 1
7 12 23
11 12 59
16 25 0 15
0 1 9
0 2 56
1 2 93
1 3 64
2 3 18
4 5 30
4 6 13
5 6 49
5 7 18
6 7 35
8 9 8
8 10 30
9 10 1
9 11 36
10 11 21
12 13 61
12 14 19
13 14 70
13 15 75
14 15 15
3 4 95
3 8 58
7 8 52
7 12 21
11 12 24
