20
50 81 48 49 50
0 1 737 63
0 2 825 141
1 2 568 122
1 3 360 106
2 3 110 173
4 5 421 142
4 6 274 184
5 6 135 60
5 7 305 82
6 7 325 188
8 9 272 117
8 10 24 69
9 10 207 197
9 11 118 142
10 11 231 29
12 13 92 205
12 14 79 186
13 14 778 229
13 15 371 185
14 15 129 15
3 4 276 179
3 8 862 4
7 8 791 37
7 12 948 390
11 12 282 42
16 17 145 42
16 18 191 210
17 18 82 37
17 19 596 24
18 19 152 156
20 21 499 199
20 22 364 96
21 22 81 181
21 23 155 136
22 23 359 95
24 25 144 75
24 26 735 127
25 26 722 224
25 27 283 12
26 27 442 87
28 29 566 245
28 30 277 121
29 30 855 234
29 31 497 88
30 31 11 12
19 20 496 486
19 24 675 225
23 24 959 181
23 28 901 391
27 28 389 107
32 33 985 182
32 34 645 78
33 34 729 133
33 35 880 10
34 35 701 128
36 37 67 162
36 38 228 168
37 38 443 36
37 39 227 86
38 39 302 15
40 41 593 2
40 42 700 225
41 42 721 227
41 43 392 121
42 43 392 140
44 45 745 13
44 46 633 102
45 46 679 214
45 47 443 39
46 47 365 129
35 36 304 485
35 40 444 325
39 40 894 258
39 44 923 342
43 44 967 27
48 0 686 694
48 16 901 608
48 32 774 65
15 49 564 160
31 49 811 544
47 49 523 328
50 81 48 49 53
0 1 945 113
0 2 784 167
1 2 568 221
1 3 43 174
2 3 450 170
4 5 371 6
4 6 420 250
5 6 472 62
5 7 342 16
6 7 393 77
8 9 50 180
8 10 639 88
9 10 733 114
9 11 433 214
10 11 296 70
12 13 636 176
12 14 277 103
13 14 670 197
13 15 726 146
14 15 291 71
3 4 314 315
3 8 735 223
7 8 662 253
7 12 148 289
11 12 395 166
16 17 307 169
16 18 953 75
17 18 879 209
17 19 886 130
18 19 937 249
20 21 442 138
20 22 345 108
21 22 56 195
21 23 308 68
22 23 355 209
24 25 629 8
24 26 5 95
25 26 467 127
25 27 386 188
26 27 135 51
28 29 232 193
28 30 876 194
29 30 488 99
29 31 555 240
30 31 43 184
19 20 204 273
19 24 640 384
23 24 663 323
23 28 149 152
27 28 79 136
32 33 967 208
32 34 690 202
33 34 186 166
33 35 167 205
34 35 558 192
36 37 11 212
36 38 261 38
37 38 493 26
37 39 273 11
38 39 278 8
40 41 110 2
40 42 709 198
41 42 239 184
41 43 743 14
42 43 533 56
44 45 695 194
44 46 816 117
45 46 955 59
45 47 232 59
46 47 351 14
35 36 415 408
35 40 890 311
39 40 196 215
39 44 754 387
43 44 267 411
48 0 860 47
48 16 776 26
48 32 656 236
15 49 958 447
31 49 753 969
47 49 672 128
50 81 48 49 56
0 1 7 51
0 2 79 233
1 2 544 181
1 3 64 226
2 3 431 237
4 5 330 154
4 6 24 248
5 6 46 233
5 7 361 14
6 7 215 65
8 9 609 127
8 10 562 15
9 10 184 134
9 11 137 29
10 11 74 121
12 13 287 119
12 14 463 81
13 14 267 71
13 15 608 30
14 15 613 188
3 4 411 167
3 8 293 477
7 8 438 204
7 12 585 253
11 12 98 490
16 17 389 25
16 18 463 154
17 18 714 57
17 19 896 125
18 19 600 56
20 21 499 123
20 22 63 28
21 22 477 248
21 23 400 144
22 23 175 28
24 25 275 231
24 26 663 240
25 26 68 18
25 27 658 186
26 27 354 43
28 29 215 202
28 30 284 161
29 30 322 193
29 31 491 128
30 31 64 88
19 20 976 157
19 24 330 172
23 24 449 246
23 28 565 445
27 28 68 433
32 33 247 38
32 34 293 94
33 34 277 53
33 35 427 79
34 35 316 241
36 37 435 54
36 38 293 244
37 38 371 126
37 39 353 192
38 39 220 204
40 41 266 131
40 42 461 204
41 42 313 212
41 43 128 86
42 43 514 41
44 45 517 50
44 46 285 81
45 46 182 154
45 47 775 166
46 47 837 93
35 36 354 205
35 40 742 317
39 40 341 363
39 44 872 116
43 44 64 469
48 0 736 716
48 16 644 956
48 32 686 330
15 49 912 519
31 49 690 88
47 49 821 728
50 81 48 49 59
0 1 275 39
0 2 604 92
1 2 265 56
1 3 604 222
2 3 309 80
4 5 356 200
4 6 458 38
5 6 414 212
5 7 5 38
6 7 178 67
8 9 697 238
8 10 678 89
9 10 37 153
9 11 185 76
10 11 382 47
12 13 855 10
12 14 629 94
13 14 943 185
13 15 60 112
14 15 270 38
3 4 694 428
3 8 963 371
7 8 311 434
7 12 945 251
11 12 4 40
16 17 766 172
16 18 983 140
17 18 343 130
17 19 283 38
18 19 573 85
20 21 103 48
20 22 323 79
21 22 305 66
21 23 7 11
22 23 379 203
24 25 251 47
24 26 263 202
25 26 330 250
25 27 316 126
26 27 593 124
28 29 424 237
28 30 917 243
29 30 674 155
29 31 380 83
30 31 213 166
19 20 773 380
19 24 360 282
23 24 32 119
23 28 634 365
27 28 723 336
32 33 566 92
32 34 677 185
33 34 112 228
33 35 186 185
34 35 11 71
36 37 270 74
36 38 320 116
37 38 498 74
37 39 115 134
38 39 407 146
40 41 601 93
40 42 744 199
41 42 653 119
41 43 696 78
42 43 749 85
44 45 622 20
44 46 830 42
45 46 987 93
45 47 110 75
46 47 253 130
35 36 643 355
35 40 93 48
39 40 542 267
39 44 166 100
43 44 480 4
48 0 599 798
48 16 802 977
48 32 957 158
15 49 737 613
31 49 914 14
47 49 834 548
50 81 48 49 62
0 1 263 173
0 2 81 230
1 2 827 55
1 3 616 55
2 3 781 7
4 5 490 206
4 6 335 163
5 6 362 56
5 7 339 219
6 7 396 127
8 9 516 32
8 10 626 173
9 10 343 62
9 11 72 39
10 11 55 62
12 13 803 205
12 14 74 229
13 14 870 85
13 15 549 187
14 15 448 35
3 4 230 333
3 8 454 11
7 8 704 368
7 12 156 416
11 12 242 474
16 17 990 68
16 18 515 223
17 18 932 35
17 19 868 236
18 19 689 76
20 21 264 129
20 22 345 24
21 22 473 193
21 23 221 37
22 23 266 55
24 25 718 108
24 26 392 16
25 26 185 176
25 27 489 224
26 27 350 218
28 29 765 131
28 30 589 228
29 30 584 1
29 31 78 79
30 31 45 221
19 20 998 276
19 24 893 364
23 24 270 274
23 28 220 312
27 28 839 77
32 33 928 44
32 34 383 250
33 34 593 51
33 35 697 1
34 35 865 198
36 37 453 170
36 38 296 118
37 38 489 61
37 39 171 54
38 39 138 57
40 41 646 50
40 42 441 90
41 42 680 240
41 43 674 184
42 43 266 159
44 45 756 26
44 46 207 65
45 46 435 186
45 47 944 108
46 47 970 191
35 36 296 98
35 40 334 56
39 40 687 82
39 44 802 366
43 44 810 295
48 0 538 997
48 16 849 748
48 32 728 924
15 49 626 800
31 49 796 45
47 49 627 841
50 81 48 49 65
0 1 418 34
0 2 442 66
1 2 12 9
1 3 979 160
2 3 963 71
4 5 374 25
4 6 424 41
5 6 354 8
5 7 48 79
6 7 395 140
8 9 708 144
8 10 32 122
9 10 479 165
9 11 405 114
10 11 238 158
12 13 953 21
12 14 626 98
13 14 753 32
13 15 992 11
14 15 370 226
3 4 612 110
3 8 475 28
7 8 584 402
7 12 595 122
11 12 850 78
16 17 248 9
16 18 164 3
17 18 595 69
17 19 572 150
18 19 858 228
20 21 500 190
20 22 232 117
21 22 274 59
21 23 375 219
22 23 197 161
24 25 342 189
24 26 601 241
25 26 535 172
25 27 450 79
26 27 366 66
28 29 625 86
28 30 482 17
29 30 963 82
29 31 373 121
30 31 66 215
19 20 290 484
19 24 806 480
23 24 733 299
23 28 692 287
27 28 82 487
32 33 940 33
32 34 2 162
33 34 149 222
33 35 530 195
34 35 317 200
36 37 54 47
36 38 126 84
37 38 258 70
37 39 265 189
38 39 374 143
40 41 722 194
40 42 581 229
41 42 15 22
41 43 504 237
42 43 374 9
44 45 457 118
44 46 81 44
45 46 472 194
45 47 460 199
46 47 630 24
35 36 485 410
35 40 918 353
39 40 539 255
39 44 69 167
43 44 933 282
48 0 839 627
48 16 665 502
48 32 766 744
15 49 994 723
31 49 709 231
47 49 559 428
50 81 48 49 68
0 1 846 14
0 2 826 109
1 2 691 235
1 3 29 74
2 3 957 194
4 5 246 3
4 6 86 209
5 6 319 185
5 7 3 208
6 7 191 97
8 9 37 130
8 10 409 217
9 10 613 233
9 11 514 216
10 11 260 37
12 13 944 44
12 14 520 29
13 14 767 150
13 15 60 156
14 15 806 164
3 4 941 309
3 8 198 66
7 8 197 94
7 12 717 371
11 12 964 404
16 17 117 126
16 18 41 160
17 18 571 50
17 19 233 154
18 19 296 59
20 21 170 19
20 22 74 177
21 22 483 120
21 23 317 188
22 23 399 10
24 25 645 233
24 26 347 248
25 26 626 183
25 27 571 132
26 27 271 245
28 29 546 65
28 30 41 108
29 30 212 106
29 31 190 8
30 31 292 122
19 20 124 84
19 24 419 302
23 24 909 289
23 28 937 128
27 28 798 310
32 33 566 3
32 34 362 93
33 34 531 54
33 35 890 245
34 35 163 91
36 37 308 101
36 38 443 156
37 38 398 186
37 39 251 71
38 39 73 206
40 41 549 23
40 42 507 90
41 42 156 32
41 43 626 2
42 43 343 114
44 45 463 15
44 46 858 121
45 46 999 169
45 47 582 197
46 47 393 90
35 36 408 79
35 40 396 203
39 40 752 446
39 44 507 206
43 44 402 347
48 0 766 357
48 16 549 545
48 32 945 219
15 49 544 285
31 49 555 854
47 49 881 274
50 81 48 49 71
0 1 384 205
0 2 912 223
1 2 492 92
1 3 363 53
2 3 146 5
4 5 90 52
4 6 203 153
5 6 84 242
5 7 133 139
6 7 30 176
8 9 525 23
8 10 61 234
9 10 356 150
9 11 490 26
10 11 521 46
12 13 503 172
12 14 847 247
13 14 222 66
13 15 90 221
14 15 813 102
3 4 155 491
3 8 270 354
7 8 186 220
7 12 56 82
11 12 840 113
16 17 869 243
16 18 12 223
17 18 662 105
17 19 990 241
18 19 395 143
20 21 305 19
20 22 29 113
21 22 469 204
21 23 216 49
22 23 31 5
24 25 598 148
24 26 139 241
25 26 490 49
25 27 601 13
26 27 381 114
28 29 351 230
28 30 583 249
29 30 826 222
29 31 720 140
30 31 652 92
19 20 877 451
19 24 742 114
23 24 999 446
23 28 694 318
27 28 545 496
32 33 236 168
32 34 82 115
33 34 817 26
33 35 706 18
34 35 723 94
36 37 228 115
36 38 427 98
37 38 355 215
37 39 118 179
38 39 250 194
40 41 604 187
40 42 55 72
41 42 564 209
41 43 208 57
42 43 99 129
44 45 820 85
44 46 210 3
45 46 289 7
45 47 928 184
46 47 170 158
35 36 944 47
35 40 542 384
39 40 171 246
39 44 978 403
43 44 654 398
48 0 963 508
48 16 666 739
48 32 710 276
15 49 674 966
31 49 895 684
47 49 518 976
50 81 48 49 74
0 1 713 113
0 2 171 111
1 2 566 63
1 3 954 217
2 3 945 116
4 5 228 162
4 6 385 159
5 6 339 139
5 7 266 80
6 7 481 52
8 9 309 240
8 10 144 212
9 10 407 230
9 11 336 102
10 11 386 43
12 13 73 95
12 14 986 208
13 14 322 234
13 15 151 86
14 15 299 50
3 4 397 396
3 8 195 282
7 8 567 376
7 12 844 352
11 12 698 415
16 17 407 49
16 18 604 201
17 18 956 219
17 19 350 229
18 19 185 153
20 21 280 219
20 22 84 114
21 22 460 182
21 23 211 98
22 23 14 68
24 25 701 238
24 26 611 59
25 26 144 167
25 27 644 152
26 27 519 73
28 29 447 212
28 30 725 105
29 30 350 72
29 31 456 58
30 31 725 13
19 20 756 382
19 24 924 360
23 24 557 297
23 28 415 318
27 28 560 431
32 33 761 7
32 34 197 63
33 34 466 100
33 35 17 179
34 35 9 104
36 37 471 229
36 38 112 246
37 38 376 51
37 39 341 49
38 39 310 40
40 41 736 15
40 42 713 231
41 42 127 158
41 43 498 40
42 43 307 123
44 45 530 206
44 46 406 62
45 46 661 57
45 47 10 14
46 47 858 235
35 36 476 197
35 40 584 348
39 40 409 49
39 44 837 205
43 44 702 265
48 0 636 902
48 16 531 750
48 32 824 199
15 49 663 874
31 49 782 995
47 49 711 849
50 81 48 49 77
0 1 290 147
0 2 628 34
1 2 686 41
1 3 819 230
2 3 527 198
4 5 95 82
4 6 314 157
5 6 306 33
5 7 174 160
6 7 452 226
8 9 746 9
8 10 179 181
9 10 92 18
9 11 499 3
10 11 561 39
12 13 930 15
12 14 177 172
13 14 234 191
13 15 795 248
14 15 13 4
3 4 992 64
3 8 607 447
7 8 762 423
7 12 769 145
11 12 817 274
16 17 54 7
16 18 17 55
17 18 285 240
17 19 124 69
18 19 217 237
20 21 154 55
20 22 306 206
21 22 410 19
21 23 153 249
22 23 367 75
24 25 33 44
24 26 394 21
25 26 242 18
25 27 2 218
26 27 439 199
28 29 765 3
28 30 932 53
29 30 615 164
29 31 356 48
30 31 496 30
19 20 709 465
19 24 747 298
23 24 622 331
23 28 828 395
27 28 367 239
32 33 413 10
32 34 231 175
33 34 616 139
33 35 636 243
34 35 896 182
36 37 156 87
36 38 97 192
37 38 131 220
37 39 201 128
38 39 55 215
40 41 728 179
40 42 670 182
41 42 560 243
41 43 572 231
42 43 447 127
44 45 284 87
44 46 42 150
45 46 187 226
45 47 222 118
46 47 42 242
35 36 817 376
35 40 445 170
39 40 510 411
39 44 157 270
43 44 915 435
48 0 696 155
48 16 680 579
48 32 719 107
15 49 671 255
31 49 678 948
47 49 678 45
50 81 48 49 80
0 1 584 16
0 2 183 111
1 2 368 222
1 3 206 195
2 3 373 2
4 5 74 9
4 6 301 63
5 6 133 179
5 7 136 158
6 7 394 19
8 9 365 135
8 10 104 60
9 10 663 71
9 11 83 223
10 11 55 233
12 13 582 7
12 14 876 242
13 14 300 155
13 15 659 177
14 15 6 58
3 4 988 234
3 8 397 355
7 8 262 494
7 12 727 222
11 12 40 255
16 17 428 227
16 18 438 124
17 18 958 173
17 19 862 31
18 19 211 21
20 21 207 44
20 22 472 23
21 22 304 107
21 23 147 222
22 23 417 200
24 25 74 174
24 26 62 32
25 26 731 17
25 27 390 5
26 27 585 222
28 29 875 184
28 30 613 14
29 30 46 100
29 31 40 79
30 31 628 43
19 20 733 384
19 24 581 37
23 24 126 123
23 28 642 245
27 28 632 48
32 33 909 164
32 34 275 45
33 34 703 88
33 35 584 92
34 35 178 237
36 37 178 218
36 38 481 14
37 38 211 205
37 39 332 164
38 39 331 198
40 41 149 171
40 42 123 183
41 42 179 54
41 43 371 198
42 43 143 160
44 45 25 91
44 46 234 109
45 46 613 44
45 47 531 233
46 47 461 219
35 36 593 447
35 40 299 216
39 40 704 401
39 44 826 477
43 44 931 285
48 0 567 899
48 16 587 682
48 32 796 984
15 49 978 471
31 49 751 409
47 49 564 988
50 81 48 49 83
0 1 89 41
0 2 147 15
1 2 706 218
1 3 611 228
2 3 163 112
4 5 361 250
4 6 431 93
5 6 174 97
5 7 118 119
6 7 85 85
8 9 5 189
8 10 620 222
9 10 321 98
9 11 525 99
10 11 299 203
12 13 52 44
12 14 535 86
13 14 565 143
13 15 156 192
14 15 366 177
3 4 599 4
3 8 152 120
7 8 647 260
7 12 735 390
11 12 56 186
16 17 764 57
16 18 507 127
17 18 249 163
17 19 519 138
18 19 485 182
20 21 451 60
20 22 412 53
21 22 308 55
21 23 17 27
22 23 123 151
24 25 644 60
24 26 680 87
25 26 467 80
25 27 301 146
26 27 383 27
28 29 226 108
28 30 607 174
29 30 100 169
29 31 305 196
30 31 603 93
19 20 148 305
19 24 91 271
23 24 650 131
23 28 1000 240
27 28 287 117
32 33 620 202
32 34 446 249
33 34 809 106
33 35 767 29
34 35 760 11
36 37 246 204
36 38 301 142
37 38 294 191
37 39 104 66
38 39 152 72
40 41 663 242
40 42 156 43
41 42 272 167
41 43 658 117
42 43 140 67
44 45 281 156
44 46 883 240
45 46 362 213
45 47 88 235
46 47 417 47
35 36 24 318
35 40 660 243
39 40 703 277
39 44 640 306
43 44 780 163
48 0 737 782
48 16 689 87
48 32 636 820
15 49 591 294
31 49 831 923
47 49 913 835
50 81 48 49 86
0 1 86 75
0 2 273 171
1 2 535 203
1 3 280 164
2 3 747 59
4 5 249 58
4 6 151 77
5 6 48 78
5 7 60 201
6 7 221 156
8 9 327 147
8 10 464 137
9 10 272 22
9 11 125 231
10 11 743 174
12 13 526 136
12 14 530 224
13 14 436 37
13 15 845 53
14 15 157 119
3 4 490 441
3 8 487 416
7 8 429 476
7 12 153 191
11 12 414 460
16 17 402 19
16 18 286 186
17 18 58 77
17 19 941 60
18 19 376 91
20 21 431 4
20 22 207 63
21 22 444 98
21 23 148 92
22 23 85 154
24 25 236 39
24 26 430 228
25 26 381 31
25 27 269 74
26 27 143 43
28 29 723 48
28 30 264 104
29 30 981 82
29 31 11 201
30 31 616 94
19 20 724 59
19 24 385 91
23 24 301 347
23 28 430 305
27 28 335 145
32 33 154 50
32 34 269 88
33 34 372 20
33 35 572 189
34 35 859 206
36 37 461 49
36 38 464 3
37 38 202 152
37 39 142 51
38 39 68 12
40 41 12 59
40 42 663 236
41 42 517 235
41 43 41 125
42 43 111 83
44 45 899 72
44 46 271 224
45 46 370 89
45 47 953 87
46 47 725 206
35 36 664 12
35 40 921 193
39 40 314 62
39 44 343 100
43 44 751 280
48 0 815 990
48 16 838 895
48 32 529 101
15 49 980 957
31 49 506 910
47 49 738 898
50 81 48 49 89
0 1 871 206
0 2 636 85
1 2 485 58
1 3 579 52
2 3 734 17
4 5 148 75
4 6 490 128
5 6 94 137
5 7 424 116
6 7 399 186
8 9 169 153
8 10 45 166
9 10 178 111
9 11 461 245
10 11 452 82
12 13 866 149
12 14 544 13
13 14 414 91
13 15 838 88
14 15 777 104
3 4 416 333
3 8 552 26
7 8 875 341
7 12 119 375
11 12 350 99
16 17 466 224
16 18 742 64
17 18 986 172
17 19 99 163
18 19 587 5
20 21 425 202
20 22 435 186
21 22 426 125
21 23 359 104
22 23 276 147
24 25 109 67
24 26 517 15
25 26 348 161
25 27 242 117
26 27 503 217
28 29 466 249
28 30 241 16
29 30 58 153
29 31 513 12
30 31 625 188
19 20 508 347
19 24 383 144
23 24 771 402
23 28 219 151
27 28 812 14
32 33 108 115
32 34 299 131
33 34 913 63
33 35 158 192
34 35 695 150
36 37 378 151
36 38 446 154
37 38 440 52
37 39 265 196
38 39 239 82
40 41 697 199
40 42 196 212
41 42 652 34
41 43 586 2
42 43 259 116
44 45 680 195
44 46 611 63
45 46 974 55
45 47 28 171
46 47 132 141
35 36 477 66
35 40 250 437
39 40 7 94
39 44 262 57
43 44 639 146
48 0 724 498
48 16 947 764
48 32 899 897
15 49 737 259
31 49 904 318
47 49 740 235
50 81 48 49 92
0 1 759 7
0 2 883 238
1 2 675 244
1 3 396 65
2 3 627 130
4 5 53 205
4 6 294 244
5 6 44 24
5 7 377 129
6 7 132 62
8 9 488 179
8 10 450 220
9 10 21 1
9 11 352 15
10 11 698 122
12 13 573 205
12 14 227 168
13 14 739 111
13 15 113 210
14 15 696 99
3 4 962 344
3 8 478 407
7 8 880 375
7 12 528 91
11 12 745 232
16 17 408 169
16 18 58 250
17 18 984 105
17 19 459 19
18 19 933 43
20 21 14 169
20 22 433 133
21 22 120 16
21 23 33 157
22 23 10 18
24 25 135 99
24 26 451 210
25 26 455 188
25 27 280 207
26 27 34 34
28 29 737 34
28 30 451 219
29 30 886 39
29 31 125 134
30 31 586 58
19 20 757 3
19 24 379 160
23 24 937 183
23 28 523 210
27 28 308 322
32 33 532 12
32 34 899 54
33 34 304 91
33 35 302 211
34 35 239 89
36 37 298 54
36 38 335 179
37 38 49 107
37 39 471 10
38 39 91 141
40 41 487 135
40 42 35 224
41 42 586 170
41 43 175 232
42 43 49 35
44 45 291 60
44 46 638 236
45 46 980 75
45 47 648 25
46 47 937 178
35 36 386 211
35 40 9 282
39 40 434 38
39 44 674 265
43 44 220 261
48 0 656 577
48 16 871 561
48 32 522 711
15 49 838 749
31 49 603 35
47 49 508 655
50 81 48 49 95
0 1 643 114
0 2 713 16
1 2 236 227
1 3 893 178
2 3 602 199
4 5 353 1
4 6 155 241
5 6 410 190
5 7 360 31
6 7 368 138
8 9 276 31
8 10 165 224
9 10 133 160
9 11 192 10
10 11 371 54
12 13 233 180
12 14 67 112
13 14 708 157
13 15 453 228
14 15 264 60
3 4 152 76
3 8 718 371
7 8 826 19
7 12 16 89
11 12 142 273
16 17 157 124
16 18 671 91
17 18 23 78
17 19 556 74
18 19 584 186
20 21 437 242
20 22 264 7
21 22 7 135
21 23 158 96
22 23 454 232
24 25 730 197
24 26 79 72
25 26 597 124
25 27 546 53
26 27 92 61
28 29 703 203
28 30 822 137
29 30 558 189
29 31 329 240
30 31 588 206
19 20 492 435
19 24 199 114
23 24 824 301
23 28 152 411
27 28 284 156
32 33 983 195
32 34 141 92
33 34 268 185
33 35 154 239
34 35 355 91
36 37 35 129
36 38 21 195
37 38 484 203
37 39 54 222
38 39 322 179
40 41 37 230
40 42 120 203
41 42 503 123
41 43 750 46
42 43 495 220
44 45 418 194
44 46 366 149
45 46 609 48
45 47 585 2
46 47 621 140
35 36 707 147
35 40 441 186
39 40 845 270
39 44 488 329
43 44 928 347
48 0 751 423
48 16 500 643
48 32 587 433
15 49 668 815
31 49 630 25
47 49 650 45
50 81 48 49 98
0 1 203 133
0 2 704 175
1 2 291 87
1 3 872 193
2 3 815 208
4 5 449 44
4 6 127 79
5 6 303 25
5 7 181 104
6 7 355 215
8 9 520 60
8 10 621 175
9 10 374 50
9 11 6 88
10 11 351 108
12 13 547 13
12 14 810 61
13 14 530 35
13 15 136 142
14 15 627 183
3 4 521 186
3 8 503 171
7 8 456 461
7 12 916 377
11 12 432 356
16 17 483 36
16 18 365 5
17 18 570 108
17 19 665 177
18 19 258 219
20 21 311 245
20 22 348 234
21 22 354 189
21 23 419 12
22 23 494 165
24 25 219 148
24 26 28 26
25 26 501 211
25 27 264 236
26 27 682 150
28 29 525 229
28 30 671 84
29 30 60 56
29 31 415 41
30 31 606 203
19 20 970 82
19 24 672 241
23 24 424 293
23 28 684 153
27 28 648 138
32 33 876 183
32 34 293 96
33 34 11 186
33 35 558 246
34 35 196 84
36 37 155 56
36 38 125 99
37 38 82 51
37 39 324 220
38 39 185 39
40 41 737 180
40 42 138 208
41 42 749 204
41 43 50 221
42 43 526 168
44 45 15 72
44 46 353 30
45 46 262 138
45 47 330 57
46 47 932 221
35 36 700 478
35 40 371 214
39 40 508 111
39 44 467 427
43 44 546 359
48 0 927 55
48 16 843 277
48 32 601 37
15 49 708 239
31 49 842 331
47 49 782 354
50 81 48 49 101
0 1 843 119
0 2 550 27
1 2 405 104
1 3 488 224
2 3 972 20
4 5 199 154
4 6 483 217
5 6 399 213
5 7 135 104
6 7 308 171
8 9 230 178
8 10 692 81
9 10 223 29
9 11 320 163
10 11 291 199
12 13 607 48
12 14 546 9
13 14 349 17
13 15 126 134
14 15 780 16
3 4 895 485
3 8 764 22
7 8 299 24
7 12 9 1
11 12 992 273
16 17 92 156
16 18 790 140
17 18 145 26
17 19 576 40
18 19 845 146
20 21 199 53
20 22 68 116
21 22 375 171
21 23 213 94
22 23 130 236
24 25 51 181
24 26 350 84
25 26 513 175
25 27 22 54
26 27 582 242
28 29 385 57
28 30 675 156
29 30 675 169
29 31 53 235
30 31 522 172
19 20 650 31
19 24 623 298
23 24 599 443
23 28 429 488
27 28 34 377
32 33 600 13
32 34 386 138
33 34 165 39
33 35 190 184
34 35 498 182
36 37 420 180
36 38 157 112
37 38 396 141
37 39 200 222
38 39 414 208
40 41 616 63
40 42 61 153
41 42 242 94
41 43 433 69
42 43 720 150
44 45 377 124
44 46 575 136
45 46 469 117
45 47 223 41
46 47 225 129
35 36 145 492
35 40 653 79
39 40 555 321
39 44 730 257
43 44 466 413
48 0 703 650
48 16 660 259
48 32 823 580
15 49 628 885
31 49 546 344
47 49 675 465
50 81 48 49 104
0 1 254 156
0 2 52 19
1 2 789 71
1 3 621 83
2 3 453 36
4 5 381 97
4 6 3 189
5 6 270 239
5 7 334 98
6 7 449 11
8 9 628 79
8 10 372 27
9 10 148 159
9 11 90 80
10 11 74 152
12 13 229 4
12 14 436 57
13 14 841 197
13 15 47 75
14 15 541 85
3 4 447 283
3 8 320 210
7 8 178 353
7 12 161 304
11 12 421 16
16 17 229 1
16 18 537 18
17 18 624 127
17 19 519 183
18 19 561 119
20 21 145 25
20 22 344 93
21 22 262 180
21 23 207 56
22 23 288 240
24 25 205 175
24 26 356 26
25 26 733 215
25 27 590 78
26 27 330 88
28 29 305 122
28 30 751 61
29 30 3 169
29 31 723 225
30 31 606 244
19 20 272 374
19 24 178 348
23 24 761 107
23 28 639 70
27 28 786 129
32 33 882 245
32 34 555 48
33 34 180 46
33 35 615 232
34 35 705 186
36 37 419 103
36 38 41 193
37 38 433 114
37 39 485 175
38 39 462 20
40 41 387 206
40 42 106 166
41 42 525 81
41 43 696 179
42 43 277 234
44 45 390 32
44 46 231 143
45 46 515 210
45 47 298 79
46 47 431 56
35 36 768 349
35 40 766 405
39 40 185 417
39 44 515 169
43 44 547 45
48 0 979 813
48 16 716 770
48 32 925 614
15 49 630 605
31 49 930 344
47 49 974 108
50 81 48 49 107
0 1 340 106
0 2 329 29
1 2 694 182
1 3 595 77
2 3 178 90
4 5 163 201
4 6 56 10
5 6 459 171
5 7 478 213
6 7 279 178
8 9 364 37
8 10 616 211
9 10 492 86
9 11 546 38
10 11 300 155
12 13 357 211
12 14 274 183
13 14 47 245
13 15 920 112
14 15 282 35
3 4 24 287
3 8 1 201
7 8 695 244
7 12 837 463
11 12 931 139
16 17 722 153
16 18 462 9
17 18 65 184
17 19 570 195
18 19 153 3
20 21 242 231
20 22 166 187
21 22 395 79
21 23 13 113
22 23 79 127
24 25 382 221
24 26 746 194
25 26 585 226
25 27 431 80
26 27 344 109
28 29 999 54
28 30 28 172
29 30 960 139
29 31 794 200
30 31 2 217
19 20 297 162
19 24 251 261
23 24 243 170
23 28 131 25
27 28 231 113
32 33 410 47
32 34 834 55
33 34 105 186
33 35 167 69
34 35 854 16
36 37 276 219
36 38 207 149
37 38 229 63
37 39 275 123
38 39 288 34
40 41 276 106
40 42 420 146
41 42 463 37
41 43 278 219
42 43 705 98
44 45 131 242
44 46 194 175
45 46 763 188
45 47 646 194
46 47 205 26
35 36 261 384
35 40 781 224
39 40 958 67
39 44 651 344
43 44 972 118
48 0 585 921
48 16 734 933
48 32 505 165
15 49 527 682
31 49 753 765
47 49 606 577
