20
4 5 0 3 3
0 1 3 4
0 2 20 9
1 2 4 5
1 3 12 4
2 3 20 2
4 5 0 3 3
0 1 14 8
0 2 8 4
1 2 2 4
1 3 2 8
2 3 20 6
4 5 0 3 3
0 1 12 4
0 2 19 8
1 2 13 3
1 3 7 6
2 3 2 4
4 5 0 3 3
0 1 3 3
0 2 4 3
1 2 17 9
1 3 12 7
2 3 2 6
4 5 0 3 3
0 1 14 1
0 2 10 9
1 2 20 3
1 3 9 8
2 3 7 8
4 5 0 3 3
0 1 2 4
0 2 16 9
1 2 20 9
1 3 4 10
2 3 11 9
4 5 0 3 3
0 1 17 7
0 2 3 7
1 2 1 10
1 3 12 9
2 3 15 1
4 5 0 3 3
0 1 18 9
0 2 10 5
1 2 18 9
1 3 14 6
2 3 9 10
4 5 0 3 3
0 1 16 6
0 2 14 7
1 2 10 4
1 3 13 3
2 3 15 3
4 5 0 3 3
0 1 12 7
0 2 3 5
1 2 15 9
1 3 5 3
2 3 14 1
4 5 0 3 3
0 1 16 7
0 2 6 2
1 2 13 6
1 3 14 3
2 3 8 3
4 5 0 3 3
0 1 20 10
0 2 9 6
1 2 8 3
1 3 14 10
2 3 11 8
4 5 0 3 3
0 1 12 8
0 2 2 7
1 2 11 7
1 3 1 6
2 3 1 5
4 5 0 3 3
0 1 7 3
0 2 18 5
1 2 7 7
1 3 14 5
2 3 17 9
4 5 0 3 3
0 1 10 9
0 2 20 3
1 2 8 8
1 3 17 1
2 3 11 7
4 5 0 3 3
0 1 10 4
0 2 19 2
1 2 6 2
1 3 8 9
2 3 19 4
4 5 0 3 3
0 1 20 4
0 2 20 9
1 2 15 9
1 3 6 1
2 3 1 3
4 5 0 3 3
0 1 19 6
0 2 14 6
1 2 3 1
1 3 17 1
2 3 10 7
4 5 0 3 3
0 1 20 9
0 2 16 3
1 2 18 3
1 3 12 7
2 3 11 3
4 5 0 3 3
0 1 9 2
0 2 8 10
1 2 6 2
1 3 12 3
2 3 18 4
