20
16 25 0 15 10
0 1 133 18
0 2 47 27
1 2 256 36
1 3 279 47
2 3 465 27
4 5 18 45
4 6 35 26
5 6 153 50
5 7 208 33
6 7 33 30
8 9 209 37
8 10 211 25
9 10 127 21
9 11 95 17
10 11 341 20
12 13 340 11
12 14 34 9
13 14 414 36
13 15 131 14
14 15 472 21
3 4 117 19
3 8 292 33
7 8 378 38
7 12 367 37
11 12 234 9
16 25 0 15 15
0 1 389 37
0 2 474 33
1 2 141 10
1 3 464 1
2 3 432 6
4 5 67 11
4 6 55 12
5 6 81 37
5 7 154 45
6 7 170 14
8 9 172 36
8 10 228 16
9 10 295 43
9 11 71 24
10 11 85 15
12 13 464 11
12 14 497 44
13 14 209 36
13 15 98 50
14 15 293 9
3 4 348 81
3 8 374 70
7 8 466 75
7 12 439 39
11 12 434 1
16 25 0 15 20
0 1 174 3
0 2 434 21
1 2 41 27
1 3 328 27
2 3 17 1
4 5 202 35
4 6 37 11
5 6 165 50
5 7 203 22
6 7 63 39
8 9 29 14
8 10 22 48
9 10 39 10
9 11 30 31
10 11 234 13
12 13 180 25
12 14 235 36
13 14 106 43
13 15 460 38
14 15 308 23
3 4 149 74
3 8 164 90
7 8 338 10
7 12 239 61
11 12 165 99
16 25 0 15 25
0 1 333 27
0 2 115 23
1 2 63 15
1 3 103 14
2 3 123 33
4 5 168 32
4 6 190 6
5 6 82 18
5 7 227 41
6 7 73 46
8 9 302 47
8 10 134 5
9 10 332 7
9 11 87 3
10 11 138 23
12 13 386 37
12 14 57 28
13 14 412 46
13 15 21 28
14 15 280 28
3 4 52 29
3 8 300 60
7 8 327 85
7 12 483 41
11 12 297 53
16 25 0 15 30
0 1 406 17
0 2 400 11
1 2 87 19
1 3 323 40
2 3 314 31
4 5 19 48
4 6 74 37
5 6 199 34
5 7 38 24
6 7 150 45
8 9 102 42
8 10 94 8
9 10 102 48
9 11 319 20
10 11 71 33
12 13 440 50
12 14 122 30
13 14 453 20
13 15 456 17
14 15 430 15
3 4 339 32
3 8 111 70
7 8 443 2
7 12 339 47
11 12 493 79
16 25 0 15 35
0 1 453 21
0 2 193 28
1 2 153 15
1 3 143 33
2 3 309 42
4 5 207 12
4 6 179 7
5 6 70 1
5 7 15 49
6 7 104 50
8 9 91 22
8 10 253 35
9 10 282 35
9 11 313 30
10 11 255 8
12 13 105 14
12 14 296 29
13 14 267 7
13 15 330 21
14 15 184 13
3 4 218 56
3 8 129 49
7 8 363 25
7 12 313 5
11 12 443 3
16 25 0 15 40
0 1 261 47
0 2 37 40
1 2 486 3
1 3 397 41
2 3 324 32
4 5 176 22
4 6 89 23
5 6 181 6
5 7 72 8
6 7 114 13
8 9 246 36
8 10 275 19
9 10 336 24
9 11 331 45
10 11 148 29
12 13 162 8
12 14 369 5
13 14 422 4
13 15 190 3
14 15 11 9
3 4 303 20
3 8 178 20
7 8 272 83
7 12 165 30
11 12 49 42
16 25 0 15 45
0 1 280 2
0 2 326 48
1 2 107 6
1 3 224 45
2 3 396 2
4 5 186 35
4 6 178 26
5 6 160 21
5 7 210 17
6 7 48 15
8 9 215 38
8 10 359 32
9 10 231 1
9 11 92 12
10 11 130 24
12 13 187 49
12 14 353 17
13 14 353 27
13 15 393 50
14 15 274 40
3 4 325 81
3 8 94 89
7 8 497 89
7 12 412 68
11 12 363 33
16 25 0 15 50
0 1 69 47
0 2 214 12
1 2 416 50
1 3 408 30
2 3 63 44
4 5 64 31
4 6 175 5
5 6 103 7
5 7 245 24
6 7 63 9
8 9 280 30
8 10 324 35
9 10 107 13
9 11 194 11
10 11 133 47
12 13 298 39
12 14 64 16
13 14 72 24
13 15 72 23
14 15 414 50
3 4 440 52
3 8 291 32
7 8 114 35
7 12 284 31
11 12 250 12
16 25 0 15 55
0 1 193 11
0 2 2 47
1 2 94 41
1 3 201 15
2 3 367 13
4 5 36 29
4 6 82 43
5 6 109 14
5 7 123 10
6 7 226 31
8 9 131 2
8 10 121 22
9 10 281 28
9 11 92 20
10 11 37 15
12 13 221 50
12 14 26 44
13 14 213 16
13 15 381 4
14 15 426 16
3 4 440 40
3 8 4 67
7 8 153 62
7 12 164 48
11 12 211 20
16 25 0 15 60
0 1 326 16
0 2 2 16
1 2 469 46
1 3 7 28
2 3 116 45
4 5 198 37
4 6 84 28
5 6 121 8
5 7 117 47
6 7 196 11
8 9 73 35
8 10 57 18
9 10 260 44
9 11 218 27
10 11 356 3
12 13 253 5
12 14 228 22
13 14 49 9
13 15 346 43
14 15 359 12
3 4 351 58
3 8 188 2
7 8 30 56
7 12 67 35
11 12 303 75
16 25 0 15 65
0 1 126 25
0 2 292 35
1 2 30 29
1 3 285 4
2 3 10 45
4 5 130 13
4 6 93 17
5 6 119 44
5 7 72 10
6 7 152 15
8 9 320 24
8 10 56 33
9 10 27 40
9 11 50 39
10 11 136 18
12 13 376 34
12 14 53 1
13 14 30 22
13 15 98 27
14 15 106 33
3 4 220 21
3 8 164 92
7 8 36 38
7 12 473 48
11 12 16 7
16 25 0 15 70
0 1 138 20
0 2 422 42
1 2 236 35
1 3 168 47
2 3 224 18
4 5 96 27
4 6 89 7
5 6 95 32
5 7 69 6
6 7 136 10
8 9 341 29
8 10 282 27
9 10 3 42
9 11 62 21
10 11 219 46
12 13 43 23
12 14 477 15
13 14 53 2
13 15 13 36
14 15 492 40
3 4 492 11
3 8 495 74
7 8 194 17
7 12 72 57
11 12 86 43
16 25 0 15 75
0 1 73 4
0 2 78 18
1 2 309 3
1 3 344 24
2 3 102 5
4 5 144 19
4 6 41 45
5 6 216 40
5 7 197 2
6 7 108 8
8 9 160 8
8 10 78 11
9 10 143 14
9 11 208 34
10 11 3 8
12 13 482 26
12 14 269 43
13 14 88 14
13 15 322 28
14 15 45 27
3 4 82 66
3 8 83 71
7 8 399 45
7 12 467 85
11 12 494 29
16 25 0 15 80
0 1 378 3
0 2 398 29
1 2 380 33
1 3 265 43
2 3 302 4
4 5 250 24
4 6 128 43
5 6 134 46
5 7 227 12
6 7 131 22
8 9 244 11
8 10 268 39
9 10 262 50
9 11 34 24
10 11 176 28
12 13 399 9
12 14 166 19
13 14 182 19
13 15 110 17
14 15 429 42
3 4 227 86
3 8 218 39
7 8 333 12
7 12 329 32
11 12 177 82
16 25 0 15 85
0 1 349 29
0 2 103 3
1 2 498 13
1 3 72 31
2 3 315 37
4 5 190 40
4 6 174 45
5 6 117 1
5 7 49 43
6 7 122 35
8 9 104 32
8 10 299 13
9 10 91 32
9 11 104 39
10 11 339 30
12 13 367 25
12 14 379 38
13 14 9 10
13 15 73 24
14 15 352 42
3 4 359 41
3 8 108 6
7 8 440 5
7 12 195 42
11 12 208 11
16 25 0 15 90
0 1 251 37
0 2 16 28
1 2 325 50
1 3 341 42
2 3 71 11
4 5 58 26
4 6 25 29
5 6 173 31
5 7 166 43
6 7 92 26
8 9 319 22
8 10 9 7
9 10 58 22
9 11 110 15
10 11 333 4
12 13 100 13
12 14 395 1
13 14 378 46
13 15 198 6
14 15 419 3
3 4 313 71
3 8 251 10
7 8 284 22
7 12 32 62
11 12 246 38
16 25 0 15 95
0 1 201 23
0 2 61 22
1 2 366 41
1 3 400 16
2 3 486 5
4 5 93 35
4 6 123 19
5 6 162 44
5 7 109 31
6 7 192 40
8 9 198 6
8 10 156 50
9 10 146 12
9 11 81 47
10 11 43 43
12 13 266 47
12 14 21 13
13 14 176 49
13 15 281 31
14 15 23 31
3 4 281 18
3 8 22 16
7 8 295 65
7 12 374 64
11 12 372 64
16 25 0 15 100
0 1 327 21
0 2 150 30
1 2 46 20
1 3 331 1
2 3 64 43
4 5 141 20
4 6 187 42
5 6 232 30
5 7 102 43
6 7 98 14
8 9 105 24
8 10 59 48
9 10 16 25
9 11 105 36
10 11 304 11
12 13 262 9
12 14 243 6
13 14 370 15
13 15 226 42
14 15 447 10
3 4 274 43
3 8 292 55
7 8 447 60
7 12 243 95
11 12 245 9
16 25 0 15 105
0 1 381 36
0 2 327 18
1 2 111 23
1 3 202 49
2 3 478 10
4 5 35 13
4 6 115 39
5 6 82 16
5 7 6 32
6 7 177 13
8 9 322 18
8 10 374 37
9 10 266 30
9 11 371 43
10 11 262 4
12 13 440 28
12 14 382 4
13 14 433 47
13 15 337 8
14 15 497 48
3 4 426 65
3 8 242 9
7 8 1 3
7 12 242 23
11 12 94 90
